38022	402
38022	402
38024	402
38024	402
38024	402
38024	402
38025	412
38025	422
38025	422
38025	422
38025	422
38025	422
38025	422
38025	422
38025	422
38025	422
38025	422
38025	422
38025	422
38025	422
38025	422
38025	422
38025	422
38025	422
38025	422
38025	422
38025	422
38025	422
38025	422
38025	422
38025	422
38025	422
38025	422
38025	422
38025	382
38025	382
38025	382
38025	382
38025	382
38026	372
38026	372
38026	372
38026	372
38026	372
38026	372
38026	372
38026	372
38026	372
38026	372
38026	372
38026	372
38026	372
38026	372
38026	372
38026	372
38026	372
38026	372
38026	372
38026	372
38026	372
38026	372
38026	372
38026	372
38026	372
38026	372
38026	372
38026	372
38026	382
38026	372
38026	372
38026	372
38026	382
38026	372
38026	382
38026	382
38026	382
38026	382
38026	382
38026	422
38026	422
38026	422
38026	422
38026	422
38026	422
38026	422
38026	422
38026	422
38026	422
38026	422
38026	422
38026	422
38026	422
38026	422
38026	422
38026	422
38026	422
38026	422
38026	422
38026	422
38026	422
38026	422
38026	422
38026	422
38026	422
38026	422
38026	422
38026	422
38026	422
38026	422
38026	422
38026	422
38026	422
38026	422
38026	422
38026	422
38026	422
38026	452
38026	452
38026	452
38026	452
38026	452
38026	452
38026	452
38026	452
38026	452
38026	452
38026	452
38026	452
38026	452
38026	452
38026	452
38026	452
38026	452
38026	452
38026	452
38026	452
38026	452
38026	452
38026	452
38026	452
38026	452
38026	452
38026	452
38026	452
38026	452
38026	452
38026	452
38026	452
38026	452
38026	452
38026	452
38026	452
38026	452
38026	452
38026	452
38026	452
38026	452
38026	452
38026	452
38026	452
38026	452
38026	452
38026	452
38026	452
38026	452
38026	452
38026	452
38026	452
38026	302
38027	452
38027	452
38030	582
38030	582
38030	582
38030	582
38030	582
38030	582
38030	582
38032	592
38032	592
38032	592
38032	592
38032	592
38032	592
38032	592
38032	592
38032	592
38032	592
38032	382
38032	382
38032	382
38032	382
38032	382
38032	382
38032	382
38032	382
38032	382
38032	382
38032	382
38032	382
38032	382
38032	382
38032	382
38032	382
38032	382
38032	602
38032	602
38033	432
38033	462
38033	462
38033	462
38033	462
38033	462
38033	462
38033	462
38033	462
38033	462
38033	462
38033	462
38033	462
38033	462
38033	462
38033	462
38033	422
38033	422
38033	422
38033	422
38033	422
38033	422
38033	422
38033	422
38033	422
38033	462
38033	422
38033	422
38033	422
38033	422
38033	422
38033	422
38033	422
38033	422
38033	422
38033	422
38033	422
38033	422
38033	422
38033	422
38033	462
38033	462
38033	422
38033	462
38033	462
38033	422
38033	422
38033	422
38033	462
38033	462
38033	462
38033	462
38033	462
38033	462
38033	462
38033	422
38033	372
38033	372
38033	372
38033	372
38033	372
38033	372
38033	372
38033	372
38033	372
38033	372
38033	372
38033	372
38033	372
38033	372
38033	372
38033	372
38033	372
38033	372
38033	372
38033	372
38033	372
38033	372
38033	372
38033	372
38033	372
38033	372
38033	382
38033	382
38033	382
38033	372
38033	372
38033	372
38033	372
38033	372
38033	372
38033	372
38033	372
38033	372
38033	372
38033	612
38033	612
38033	612
38033	612
38033	582
38033	422
38033	422
38033	422
38033	422
38033	422
38033	422
38033	422
38033	422
38033	422
38033	422
38033	422
38033	422
38033	422
38033	422
38033	422
38033	422
38033	422
38033	422
38033	422
38033	422
38033	422
38033	422
38033	482
38033	482
38033	482
38033	482
38033	482
38033	482
38033	482
38033	482
38033	482
38033	482
38033	482
38033	482
38033	482
38033	482
38033	482
38033	482
38033	372
38033	372
38033	452
38033	452
38033	452
38033	452
38033	452
38033	452
38033	452
38033	452
38033	452
38033	452
38033	452
38033	452
38033	452
38033	422
38033	422
38033	422
38033	422
38033	422
38033	422
38033	422
38033	422
38034	402
38034	402
38034	402
38034	322
38034	322
38034	322
38034	322
38034	322
38034	322
38034	322
38034	322
38034	322
38034	322
38034	322
38034	322
38034	402
38034	402
38034	402
38034	402
38034	402
38034	382
38034	382
38034	382
38034	382
38034	382
38034	382
38034	382
38034	382
38034	382
38034	382
38034	382
38034	382
38035	582
38035	582
38035	582
38035	582
38035	302
38035	372
38035	372
38035	372
38035	372
38035	412
38035	412
38035	412
38035	412
38035	412
38035	412
38035	412
38035	412
38035	412
38035	412
38035	412
38035	412
38035	422
38035	422
38035	422
38035	422
38035	422
38035	422
38035	422
38035	422
38035	422
38035	422
38035	422
38035	322
38035	322
38035	322
38035	322
38035	482
38035	482
38035	482
38035	482
38035	482
38035	482
38035	322
38035	322
38035	322
38035	322
38035	412
38035	412
38035	412
38035	412
38035	322
38035	322
38035	322
38035	322
38035	322
38035	322
38035	322
38035	322
38035	322
38035	322
38035	322
38035	322
38035	322
38035	322
38035	322
38035	322
38035	322
38035	322
38035	322
38035	322
38035	322
38035	322
38035	322
38035	322
38035	322
38035	322
38035	322
38035	322
38035	322
38035	322
38035	322
38035	322
38035	322
38035	322
38035	322
38035	322
38035	322
38035	322
38035	322
38035	322
38035	322
38035	322
38035	322
38035	322
38035	322
38035	322
38035	322
38035	322
38035	322
38035	322
38035	322
38035	322
38035	322
38035	322
38035	322
38035	322
38035	322
38035	322
38035	322
38035	322
38035	322
38035	652
38035	652
38035	322
38035	322
38035	322
38035	322
38035	322
38035	322
38035	322
38035	322
38035	322
38035	322
38035	322
38035	322
38035	322
38035	322
38035	322
38035	322
38035	322
38035	322
38035	322
38035	322
38035	322
38035	322
38035	322
38035	322
38035	322
38035	322
38035	582
38035	322
38035	322
38035	322
38035	322
38035	322
38035	322
38035	322
38035	322
38035	322
38035	322
38035	322
38035	322
38035	322
38035	322
38035	322
38035	322
38035	322
38035	322
38035	322
38035	322
38036	322
38036	322
38036	322
38036	322
38036	322
38036	322
38036	322
38036	322
38036	322
38036	482
38040	702
38040	702
38040	702
38040	702
38040	702
38040	702
38040	702
38040	702
38040	702
38040	702
38040	702
38040	702
38040	702
38040	702
38041	412
38041	412
38043	702
38043	702
38043	702
38043	702
38043	702
38043	702
38043	702
38043	702
38043	702
38043	702
38043	702
38043	702
38043	702
38043	702
38043	462
38043	462
38043	462
38043	462
38043	462
38043	462
38043	462
38043	462
38043	462
38043	462
38043	462
38043	462
38043	462
38043	462
38043	372
38043	372
38043	372
38043	372
38043	372
38043	372
38043	372
38043	372
38043	372
38043	372
38043	372
38043	372
38043	372
38043	372
38043	372
38043	372
38043	372
38043	372
38043	452
38043	452
38043	452
38043	452
38043	452
38043	452
38043	452
38043	452
38043	452
38043	452
38043	452
38043	452
38043	452
38043	452
38043	702
38043	702
38043	702
38043	702
38046	702
38046	702
38046	702
38046	702
38047	382
38047	382
38047	382
38047	382
38047	382
38047	382
38047	382
38047	382
38047	382
38047	382
38047	382
38047	382
38047	382
38047	382
38047	382
38047	382
38048	702
38048	702
38048	702
38048	702
38049	402
38049	382
38049	382
38049	382
38049	382
38049	382
38049	382
38049	382
38049	382
38049	382
38049	382
38049	382
38049	382
38049	382
38049	382
38049	382
38049	382
38049	382
38049	382
38050	322
38050	322
38050	322
38050	322
38050	322
38050	322
38050	322
38050	322
38050	322
38050	322
38050	322
38050	322
38050	322
38050	322
38050	322
38050	322
38050	322
38050	322
38050	322
38050	322
38050	322
38050	322
38050	322
38050	322
38050	322
38050	322
38050	322
38050	322
38050	322
38050	322
38050	322
38050	322
38050	322
38050	602
38050	602
38050	602
38050	602
38050	602
38050	602
38050	602
38050	602
38050	602
38050	602
38050	602
38050	602
38056	322
38056	322
38056	322
38056	322
38059	592
38059	592
38059	592
38059	592
38059	592
38059	592
38059	592
38061	702
38061	702
38061	702
38061	702
38061	702
38061	702
38061	702
38061	702
38061	702
38061	702
38061	702
38061	702
38061	702
38061	702
38061	702
38061	702
38061	382
38061	382
38061	372
38061	372
38061	372
38061	372
38061	372
38061	372
38061	372
38061	372
38061	752
38061	752
38061	752
38061	422
38061	422
38061	422
38061	422
38061	422
38061	422
38061	422
38061	422
38061	422
38061	422
38061	422
38061	422
38061	422
38061	422
38061	422
38061	422
38061	422
38061	422
38061	422
38061	422
38061	422
38061	422
38061	422
38061	422
38061	402
38061	402
38061	402
38061	402
38061	402
38061	322
38061	422
38061	422
38061	322
38061	422
38061	422
38061	422
38061	422
38061	422
38061	422
38061	422
38061	422
38061	422
38061	422
38061	422
38062	422
38062	422
38062	422
38062	422
38062	422
38062	422
38062	422
38062	422
38062	422
38062	422
38062	422
38062	422
38062	422
38062	422
38062	422
38062	422
38062	422
38062	422
38062	422
38062	422
38062	422
38062	422
38062	402
38062	402
38063	382
38063	422
38063	422
38063	422
38063	422
38063	422
38063	422
38063	422
38063	422
38063	422
38063	422
38063	422
38064	592
38064	592
38064	592
38064	592
38064	592
38064	592
38064	592
38064	592
38064	592
38064	592
38064	592
38064	592
38064	592
38064	592
38064	592
38064	592
38064	592
38064	592
38064	592
38064	592
38064	592
38064	592
38064	592
38064	592
38064	592
38064	592
38064	592
38064	592
38064	592
38064	592
38064	592
38064	592
38064	592
38064	592
38064	772
38064	772
38064	642
38064	642
38064	642
38064	642
38066	642
38066	642
38066	642
38066	642
38066	642
38066	642
38066	642
38066	642
38066	642
38066	642
38066	642
38066	642
38066	642
38066	642
38066	642
38066	642
38066	642
38066	642
38066	642
38066	642
38066	642
38066	642
38066	642
38066	642
38066	642
38066	642
38066	642
38066	642
38066	642
38066	642
38066	642
38066	642
38066	642
38066	642
38066	642
38066	642
38066	642
38066	642
38066	642
38066	642
38066	642
38066	642
38066	642
38066	642
38066	642
38066	642
38066	642
38066	642
38066	642
38066	642
38066	642
38066	642
38066	642
38066	642
38066	642
38066	642
38066	642
38066	642
38066	642
38066	642
38066	642
38066	642
38066	642
38066	642
38066	642
38066	642
38066	642
38066	642
38066	642
38066	642
38066	642
38066	642
38066	642
38066	642
38066	642
38066	642
38066	642
38066	642
38066	642
38066	642
38066	642
38066	642
38066	642
38066	642
38066	642
38066	642
38066	642
38066	642
38066	642
38066	642
38066	642
38066	642
38066	642
38066	642
38066	642
38066	642
38066	642
38066	642
38066	642
38066	642
38066	642
38068	422
38068	422
38068	422
38068	422
38068	422
38068	362
38068	362
38068	362
38068	362
38068	422
38068	592
38069	702
38069	702
38069	702
38069	702
38069	702
38069	702
38069	702
38069	702
38069	702
38069	702
38069	702
38069	702
38069	702
38069	702
38069	702
38069	702
38069	422
38069	642
38069	642
38069	642
38069	642
38069	642
38069	642
38069	642
38069	642
38069	642
38069	642
38069	642
38069	642
38069	642
38069	642
38069	642
38069	642
38069	642
38069	642
38069	642
38069	642
38069	642
38069	642
38069	642
38069	642
38069	642
38069	642
38069	642
38069	642
38069	642
38069	642
38069	642
38069	642
38069	642
38069	642
38069	642
38069	642
38069	642
38069	642
38069	642
38069	642
38069	642
38069	642
38069	642
38069	452
38069	452
38069	452
38069	452
38069	452
38069	452
38069	452
38069	452
38069	452
38069	452
38069	452
38069	452
38069	452
38069	452
38069	452
38069	452
38069	452
38070	382
38070	382
38070	382
38070	382
38070	382
38070	382
38070	382
38070	382
38070	382
38070	382
38070	382
38070	382
38070	382
38070	382
38070	382
38070	382
38070	382
38070	382
38070	382
38070	382
38070	382
38070	382
38070	382
38070	382
38070	382
38070	382
38070	382
38070	422
38070	422
38070	422
38070	422
38070	422
38071	422
38071	422
38071	422
38075	382
38075	382
38075	382
38075	382
38075	382
38075	382
38075	382
38075	382
38075	382
38075	382
38075	382
38075	382
38075	382
38075	382
38075	382
38075	382
38075	382
38075	382
38075	382
38075	382
38075	382
38075	382
38075	382
38075	382
38075	382
38075	382
38075	422
38075	422
38075	422
38075	422
38075	422
38075	422
38075	422
38075	422
38075	422
38075	422
38075	422
38075	422
38075	422
38075	422
38075	422
38076	382
38076	382
38076	382
38076	382
38076	382
38076	612
38076	612
38076	612
38076	612
38076	612
38076	612
38076	612
38076	612
38076	612
38076	612
38076	612
38076	612
38076	612
38076	612
38076	612
38076	612
38076	612
38076	612
38076	612
38076	612
38076	612
38076	612
38076	612
38076	612
38076	612
38076	612
38077	612
38077	612
38077	382
38077	382
38077	382
38077	642
38077	642
38077	642
38077	462
38077	462
38077	462
38077	462
38077	462
38077	462
38077	462
38077	462
38077	462
38077	462
38077	462
38077	462
38077	462
38077	462
38077	462
38077	462
38077	462
38077	462
38077	462
38077	462
38077	462
38077	462
38077	462
38077	462
38077	462
38077	462
38077	462
38077	462
38077	462
38077	462
38077	462
38077	462
38077	462
38077	462
38077	462
38077	462
38077	462
38077	462
38077	462
38077	462
38077	462
38077	462
38077	462
38077	462
38077	462
38077	462
38077	462
38077	462
38077	462
38077	462
38077	462
38077	462
38077	462
38077	462
38077	462
38077	462
38077	462
38077	462
38077	462
38077	462
38077	462
38077	582
38077	582
38077	582
38077	582
38077	582
38077	582
38077	582
38078	452
38078	452
38078	452
38078	452
38081	412
38081	412
38081	412
38081	412
38081	412
38081	412
38081	412
38081	412
38081	412
38081	412
38081	412
38081	412
38081	412
38081	412
38081	412
38081	412
38081	412
38081	412
38081	412
38081	412
38081	412
38081	412
38081	412
38081	412
38082	442
38082	442
38082	442
38082	382
38082	382
38082	382
38082	382
38082	382
38082	382
38082	382
38082	382
38082	382
38082	362
38083	452
38083	452
38083	452
38083	452
38083	452
38083	452
38083	452
38083	452
38083	452
38083	452
38083	452
38083	452
38083	452
38083	452
38083	452
38083	452
38083	452
38083	452
38083	452
38083	452
38083	452
38083	452
38083	452
38083	452
38083	452
38083	452
38083	452
38083	452
38083	452
38083	452
38083	452
38083	452
38083	452
38083	452
38083	452
38083	452
38083	452
38083	452
38083	452
38083	452
38083	452
38083	452
38083	452
38083	452
38083	752
38083	752
38083	752
38083	752
38083	752
38083	752
38083	752
38084	752
38084	602
38084	602
38084	602
38084	602
38084	602
38084	602
38084	602
38084	602
38084	602
38084	602
38084	602
38084	602
38084	602
38084	602
38084	602
38084	602
38084	602
38084	602
38084	602
38084	602
38084	602
38084	602
38084	602
38084	602
38084	602
38084	602
38084	322
38084	752
38084	752
38084	752
38084	462
38085	652
38085	652
38085	652
38085	652
38089	382
38089	382
38089	382
38089	382
38089	382
38089	382
38089	752
38089	752
38089	752
38089	752
38089	752
38089	752
38089	752
38089	752
38089	752
38089	752
38089	752
38089	752
38089	752
38089	752
38089	752
38089	752
38089	752
38089	752
38089	752
38089	752
38089	752
38089	752
38089	752
38089	752
38089	752
38089	302
38089	752
38089	752
38090	652
38090	652
38090	652
38090	652
38090	422
38090	752
38090	752
38090	442
38090	442
38090	442
38091	372
38091	372
38091	372
38091	372
38091	372
38091	372
38091	372
38091	372
38091	372
38091	372
38091	372
38091	372
38091	372
38091	372
38091	372
38091	372
38091	372
38091	372
38091	372
38091	372
38091	372
38091	372
38091	372
38091	372
38091	372
38091	372
38091	372
38091	372
38091	372
38091	372
38091	372
38091	372
38091	372
38091	372
38091	372
38091	372
38091	372
38091	372
38091	372
38091	652
38091	652
38091	652
38091	652
38091	652
38091	652
38091	652
38091	652
38091	652
38091	652
38091	652
38091	652
38091	652
38091	652
38091	652
38091	652
38091	652
38091	652
38091	652
38091	652
38091	652
38091	462
38091	462
38091	462
38091	462
38091	462
38091	462
38091	462
38091	462
38091	462
38091	462
38091	462
38091	462
38091	462
38091	462
38091	462
38091	462
38091	462
38091	462
38091	462
38091	462
38091	462
38091	462
38091	462
38091	462
38091	462
38091	462
38091	462
38091	462
38091	462
38091	462
38091	462
38091	462
38091	462
38091	462
38091	462
38091	462
38091	462
38091	462
38091	462
38091	462
38091	462
38091	462
38091	462
38091	462
38091	462
38091	462
38091	462
38091	462
38091	462
38091	462
38091	462
38091	462
38091	462
38091	462
38091	462
38091	462
38091	752
38091	752
38091	752
38092	442
38092	442
38092	442
38092	442
38092	442
38092	442
38092	442
38092	442
38092	442
38092	442
38092	442
38092	442
38092	442
38092	442
38092	442
38092	442
38092	442
38092	442
38092	442
38092	442
38092	442
38092	442
38092	442
38092	442
38092	442
38092	442
38092	442
38092	442
38092	442
38092	442
38092	442
38092	442
38092	442
38092	442
38092	442
38092	442
38092	442
38092	442
38092	442
38092	442
38092	442
38092	442
38092	442
38092	442
38092	442
38092	442
38092	442
38092	442
38092	442
38092	442
38092	442
38092	442
38092	442
38092	442
38092	442
38092	442
38092	442
38092	442
38092	442
38092	442
38092	442
38092	442
38092	442
38093	582
38094	652
38094	652
38094	652
38094	582
38094	582
38094	582
38094	582
38094	582
38094	582
38094	582
38094	582
38094	582
38094	582
38094	582
38094	582
38094	582
38094	582
38094	582
38094	582
38094	582
38094	582
38095	302
38095	302
38095	302
38095	302
38095	302
38095	302
38095	302
38095	302
38095	302
38095	302
38095	302
38095	302
38096	302
38096	302
38096	302
38096	302
38096	302
38096	652
38096	652
38096	652
38096	652
38096	702
38096	702
38096	702
38096	702
38096	702
38096	702
38096	702
38096	702
38096	702
38096	702
38096	702
38096	702
38096	702
38096	702
38096	702
38096	702
38096	702
38096	702
38096	702
38096	702
38096	702
38096	702
38096	702
38096	702
38096	702
38096	702
38096	702
38096	702
38096	702
38096	702
38096	702
38096	702
38096	702
38096	702
38096	702
38096	702
38096	702
38096	702
38096	702
38096	702
38096	702
38096	702
38096	652
38096	382
38096	382
38096	382
38096	382
38096	382
38096	382
38096	382
38096	382
38096	382
38096	382
38096	382
38096	382
38096	382
38096	382
38096	382
38096	382
38096	382
38096	382
38096	382
38096	382
38096	382
38096	382
38096	382
38096	382
38096	382
38096	382
38096	382
38096	382
38096	382
38096	382
38096	382
38096	382
38096	382
38096	382
38096	382
38096	382
38096	382
38096	382
38096	382
38096	382
38096	382
38096	382
38096	382
38096	382
38096	382
38096	382
38096	382
38096	382
38096	382
38096	382
38096	382
38096	382
38096	382
38096	382
38096	382
38096	422
38096	422
38096	422
38096	422
38096	422
38096	422
38096	422
38096	422
38096	422
38096	422
38096	422
38096	422
38096	422
38096	422
38096	422
38096	422
38096	422
38096	662
38096	662
38096	662
38096	422
38096	582
38096	582
38096	582
38096	582
38096	582
38096	582
38096	582
38096	582
38096	582
38096	582
38096	582
38096	582
38096	582
38096	662
38096	662
38096	662
38096	662
38096	662
38096	662
38096	662
38096	662
38096	662
38096	662
38096	662
38096	662
38096	662
38096	662
38096	662
38096	582
38096	582
38096	582
38096	432
38096	582
38097	582
38097	582
38097	582
38097	482
38097	452
38097	452
38097	452
38097	452
38097	452
38097	452
38097	482
38097	482
38097	452
38097	482
38097	482
38097	482
38097	452
38097	452
38097	452
38097	452
38097	452
38097	582
38097	452
38097	452
38097	452
38097	452
38097	452
38097	452
38097	452
38097	452
38097	452
38097	452
38097	452
38097	452
38097	452
38097	452
38097	452
38097	452
38097	452
38097	452
38097	452
38097	452
38097	452
38097	452
38097	452
38097	482
38097	482
38097	482
38097	482
38097	482
38097	482
38097	482
38097	482
38097	482
38097	482
38097	482
38097	482
38097	482
38097	482
38097	482
38097	482
38097	482
38097	482
38097	482
38097	482
38097	482
38097	482
38097	582
38097	582
38097	582
38097	482
38097	582
38097	582
38097	582
38097	582
38097	582
38097	362
38097	362
38097	362
38097	362
38097	362
38097	362
38097	362
38097	322
38097	322
38097	322
38097	322
38097	322
38097	322
38097	322
38097	322
38097	322
38097	322
38097	442
38097	322
38097	442
38097	442
38097	322
38097	322
38097	322
38097	322
38097	322
38097	322
38097	322
38097	322
38097	322
38097	322
38097	322
38097	322
38097	322
38097	322
38097	442
38097	442
38097	442
38097	442
38097	442
38097	442
38097	442
38097	442
38097	442
38097	442
38097	442
38097	432
38097	432
38097	432
38097	432
38097	432
38097	432
38097	432
38097	432
38097	432
38097	432
38097	432
38097	432
38097	432
38097	432
38097	582
38097	582
38097	582
38097	582
38099	882
38099	882
38099	882
38099	882
38099	882
38099	882
38099	882
38099	882
38099	882
38099	882
38099	882
38099	882
38099	882
38099	882
38099	882
38099	882
38099	882
38099	882
38099	882
38099	882
38099	882
38099	882
38099	882
38099	882
38099	882
38099	882
38099	882
38099	882
38099	882
38099	882
38099	882
38099	882
38099	882
38099	882
38099	882
38099	882
38099	882
38099	882
38099	882
38099	882
38099	882
38099	882
38099	882
38099	882
38099	882
38099	882
38099	882
38099	882
38099	882
38099	882
38099	882
38099	882
38099	882
38099	882
38099	882
38099	882
38099	882
38099	882
38099	882
38099	882
38099	882
38099	882
38099	882
38099	882
38099	882
38099	882
38099	882
38099	882
38099	882
38099	882
38099	882
38099	882
38099	882
38099	882
38099	882
38099	882
38099	882
38099	882
38099	882
38099	882
38099	882
38099	882
38099	882
38099	882
38099	882
38099	882
38099	882
38099	882
38099	882
38099	882
38099	882
38099	882
38099	882
38099	882
38099	882
38099	882
38099	882
38099	882
38099	882
38099	882
38099	882
38099	882
38099	882
38099	882
38099	882
38099	882
38099	882
38099	882
38099	882
38099	882
38099	882
38099	882
38099	882
38099	882
38099	882
38099	882
38099	882
38099	882
38099	882
38099	882
38099	882
38099	882
38099	882
38099	882
38099	882
38099	882
38099	882
38099	882
38099	882
38099	882
38099	882
38099	882
38099	882
38099	882
38099	882
38099	882
38099	882
38099	882
38099	882
38099	882
38099	882
38099	882
38099	882
38099	882
38099	882
38099	882
38230	402
38230	402
38230	402
38230	402
38230	402
38230	402
38230	402
38230	402
38230	402
38230	402
38230	402
38230	402
38230	402
38230	402
38230	402
38230	402
38230	402
38230	402
38230	402
38230	402
38230	402
38230	402
38234	402
38234	402
38234	402
38234	402
38234	402
38234	402
38234	402
38234	402
38244	402
38244	402
38244	402
38244	402
38244	402
38244	402
38244	402
38244	402
38244	402
38244	402
38244	402
38249	402
38249	402
38249	402
38249	402
38249	402
38249	402
38249	402
